1772702570
1754899978
357336670
1262366106
1808493106
537130205
496750106
852265306
271985972
1112313274
1514040670
213853074
584760974
1772702570
1754899978
357336670
1262366106
1808493106
537130205
496750106
852265306
271985972
1112313274
1514040670
213853074
584760974
1772702570
1754899978
357336670
1262366106
1808493106
537130205
496750106
852265306
271985972
1112313274
1514040670
213853074
584760974
1772702570
1754899978
357336670
1262366106
1808493106
537130205
496750106
852265306
271985972
1112313274
1514040670
213853074
584760974
1772702570
1754899978
357336670
1262366106
1808493106
537130205
496750106
852265306
271985972
1112313274
1514040670
213853074
584760974
1772702570
1754899978
357336670
1262366106
1808493106
537130205
496750106
852265306
271985972
1112313274
1514040670
213853074
584760974
1772702570
1754899978
357336670
1262366106
1808493106
537130205
496750106
852265306
271985972
1112313274
1514040670
213853074
584760974
1772702570
1754899978
357336670
1262366106
1808493106
537130205
496750106
852265306
271985972
1112313274
1514040670
213853074
584760974
1772702570
1754899978
357336670
1262366106
1808493106
537130205
496750106
852265306
271985972
1112313274
1514040670
213853074
584760974
1772702570
1754899978
357336670
1262366106
1808493106
537130205
496750106
852265306
271985972
1112313274
1514040670
213853074
584760974
1772702570
1754899978
357336670
1262366106
1808493106
537130205
496750106
852265306
271985972
1112313274
1514040670
213853074
584760974
1772702570
1754899978
357336670
1262366106
1808493106
537130205
496750106
852265306
271985972
1112313274
1514040670
213853074
584760974
