0006452980
3139059414
5738759843
4712028226
2012618044
2218144695
3821319951
5010732707
3882806161
2675830415
0238183835
9592207081
0377723165
6288349482
6578227970
4226894135
1393000220
0344422984
2678782855
4485040724
5996603483
8863539875
3422599667
0677950225
4376603559
9689997377
8090242671
7522811752
8023128878
9050725757
6144622427
1408732257
8196099246
4981090322
6067669866
9276720957
2458936485
7739125418
6433103921
1867344461
5505978955
7811597081
2759229998
1374125419
5882707514
3794232144
1520512148
2316754224
5048612214
4173561014
9737462027
4241838340
6049867274
3211798941
7700388797
4222341830
1562952635
1287898111
7840963606
3393850546
3133648943
0148694460
5164253288
8947271262
5848156421
2148959323
1262366106
8560658478
9302878006
2390739947
3567973736
5861454339
1808493106
0260377961
5170524159
1881283151
1433831339
5794325195
3165754460
1188235945
2228430077
7565667157
9951440516
8485297376
4077280512
2591882600
0383135849
2364782651
5778605964
1214826718
8809433409
7133117176
3954145692
2733782978
1550457349
1558880784
6831614897
2650945480
2902146515
7609915986
5071441264
5553662390
7233764121
2355798291
6039772890
9995137360
8188921481
7435262432
8946754423
7575121277
2433329816
4832097501
3691700657
6187894120
8629631188
4801441034
4025358801
2517870463
6663807399
1259790348
5841504984
9186162719
1373725265
0617414982
0496750106
7976267600
0821191215
8919372608
7053251523
6049110148
4701979810
1168072810
6006916233
4582419447
1000240919
5755890514
4644078558
3011263183
5268852357
4399693558
1865074719
1296694865
8975967560
4988200857
7130249145
8772884456
1646234331
0903708246
9071809732
2867981178
1450201962
0852265306
4366937253
7901637362
4865101462
6230558463
2777081230
4587905787
5579006788
8197256023
5767465986
7004122292
7234971776
7920090175
8861920564
6186258414
7966557075
2210374178
8916379837
2074549355
2875112345
7554823010
2796782378
9324122048
7747294055
1112313274
7573432194
5807409614
2432609670
7314695423
5003105684
4291120178
1514040670
8216599563
4200727987
3656024161
9759762003
3141577498
5190790746
1574822656
8253334329
2748286782
2565598102
7822504525
6954816870
8803787666
0671879963
7424436629
9498454641
4879728270
0006452980
3139059414
5738759843
4712028226
2012618044
2218144695
3821319951
5010732707
3882806161
2675830415
0238183835
9592207081
0377723165
6288349482
6578227970
4226894135
1393000220
0344422984
2678782855
4485040724
5996603483
8863539875
3422599667
0677950225
4376603559
9689997377
8090242671
7522811752
8023128878
9050725757
6144622427
1408732257
8196099246
4981090322
6067669866
9276720957
2458936485
7739125418
6433103921
1867344461
5505978955
7811597081
2759229998
1374125419
5882707514
3794232144
1520512148
2316754224
5048612214
4173561014
9737462027
4241838340
6049867274
3211798941
7700388797
4222341830
1562952635
1287898111
7840963606
3393850546
3133648943
0148694460
5164253288
8947271262
5848156421
2148959323
1262366106
8560658478
9302878006
2390739947
3567973736
5861454339
1808493106
0260377961
5170524159
1881283151
1433831339
5794325195
3165754460
1188235945
2228430077
7565667157
9951440516
8485297376
4077280512
2591882600
0383135849
2364782651
5778605964
1214826718
8809433409
7133117176
3954145692
2733782978
1550457349
1558880784
6831614897
2650945480
2902146515
7609915986
5071441264
5553662390
7233764121
2355798291
6039772890
9995137360
8188921481
7435262432
8946754423
7575121277
2433329816
4832097501
3691700657
6187894120
8629631188
4801441034
4025358801
2517870463
6663807399
1259790348
5841504984
9186162719
1373725265
0617414982
0496750106
7976267600
0821191215
8919372608
7053251523
6049110148
4701979810
1168072810
6006916233
4582419447
1000240919
5755890514
4644078558
3011263183
5268852357
4399693558
1865074719
1296694865
8975967560
4988200857
7130249145
8772884456
1646234331
0903708246
9071809732
2867981178
1450201962
0852265306
4366937253
7901637362
4865101462
6230558463
2777081230
4587905787
5579006788
8197256023
5767465986
7004122292
7234971776
7920090175
8861920564
6186258414
7966557075
2210374178
8916379837
2074549355
2875112345
7554823010
2796782378
9324122048
7747294055
1112313274
7573432194
5807409614
2432609670
7314695423
5003105684
4291120178
1514040670
8216599563
4200727987
3656024161
9759762003
3141577498
5190790746
1574822656
8253334329
2748286782
2565598102
7822504525
6954816870
8803787666
0671879963
7424436629
9498454641
4879728270
0006452980
3139059414
5738759843
4712028226
2012618044
2218144695
3821319951
5010732707
3882806161
2675830415
0238183835
9592207081
0377723165
6288349482
6578227970
4226894135
1393000220
0344422984
2678782855
4485040724
5996603483
8863539875
3422599667
0677950225
4376603559
9689997377
8090242671
7522811752
8023128878
9050725757
6144622427
1408732257
8196099246
4981090322
6067669866
9276720957
2458936485
7739125418
6433103921
1867344461
5505978955
7811597081
2759229998
1374125419
5882707514
3794232144
1520512148
2316754224
5048612214
4173561014
9737462027
4241838340
6049867274
3211798941
7700388797
4222341830
1562952635
1287898111
7840963606
3393850546
3133648943
0148694460
5164253288
8947271262
5848156421
2148959323
1262366106
8560658478
9302878006
2390739947
3567973736
5861454339
1808493106
0260377961
5170524159
1881283151
1433831339
5794325195
3165754460
1188235945
2228430077
7565667157
9951440516
8485297376
4077280512
2591882600
0383135849
2364782651
5778605964
1214826718
8809433409
7133117176
3954145692
2733782978
1550457349
1558880784
6831614897
2650945480
2902146515
7609915986
5071441264
5553662390
7233764121
2355798291
6039772890
9995137360
8188921481
7435262432
8946754423
7575121277
2433329816
4832097501
3691700657
6187894120
8629631188
4801441034
4025358801
2517870463
6663807399
1259790348
5841504984
9186162719
1373725265
0617414982
0496750106
7976267600
0821191215
8919372608
7053251523
6049110148
4701979810
1168072810
6006916233
4582419447
1000240919
5755890514
4644078558
3011263183
5268852357
4399693558
1865074719
1296694865
8975967560
4988200857
7130249145
8772884456
1646234331
0903708246
9071809732
2867981178
1450201962
0852265306
4366937253
7901637362
4865101462
6230558463
2777081230
4587905787
5579006788
8197256023
5767465986
7004122292
7234971776
7920090175
8861920564
6186258414
7966557075
2210374178
8916379837
2074549355
2875112345
7554823010
2796782378
9324122048
7747294055
1112313274
7573432194
5807409614
2432609670
7314695423
5003105684
4291120178
1514040670
8216599563
4200727987
3656024161
9759762003
3141577498
5190790746
1574822656
8253334329
2748286782
2565598102
7822504525
6954816870
8803787666
0671879963
7424436629
9498454641
4879728270
0006452980
3139059414
5738759843
4712028226
2012618044
2218144695
3821319951
5010732707
3882806161
2675830415
0238183835
9592207081
0377723165
6288349482
6578227970
4226894135
1393000220
0344422984
2678782855
4485040724
5996603483
8863539875
3422599667
0677950225
4376603559
9689997377
8090242671
7522811752
8023128878
9050725757
6144622427
1408732257
8196099246
4981090322
6067669866
9276720957
2458936485
7739125418
6433103921
1867344461
5505978955
7811597081
2759229998
1374125419
5882707514
3794232144
1520512148
2316754224
5048612214
4173561014
9737462027
4241838340
6049867274
3211798941
7700388797
4222341830
1562952635
1287898111
7840963606
3393850546
3133648943
0148694460
5164253288
8947271262
5848156421
2148959323
1262366106
8560658478
9302878006
2390739947
3567973736
5861454339
1808493106
0260377961
5170524159
1881283151
1433831339
5794325195
3165754460
1188235945
2228430077
7565667157
9951440516
8485297376
4077280512
2591882600
0383135849
2364782651
5778605964
1214826718
8809433409
7133117176
3954145692
2733782978
1550457349
1558880784
6831614897
2650945480
2902146515
7609915986
5071441264
5553662390
7233764121
2355798291
6039772890
9995137360
8188921481
7435262432
8946754423
7575121277
2433329816
4832097501
3691700657
6187894120
8629631188
4801441034
4025358801
2517870463
6663807399
1259790348
5841504984
9186162719
1373725265
0617414982
0496750106
7976267600
0821191215
8919372608
7053251523
6049110148
4701979810
1168072810
6006916233
4582419447
1000240919
5755890514
4644078558
3011263183
5268852357
4399693558
1865074719
1296694865
8975967560
4988200857
7130249145
8772884456
1646234331
0903708246
9071809732
2867981178
1450201962
0852265306
4366937253
7901637362
4865101462
6230558463
2777081230
4587905787
5579006788
8197256023
5767465986
7004122292
7234971776
7920090175
8861920564
6186258414
7966557075
2210374178
8916379837
2074549355
2875112345
7554823010
2796782378
9324122048
7747294055
1112313274
7573432194
5807409614
2432609670
7314695423
5003105684
4291120178
1514040670
8216599563
4200727987
3656024161
9759762003
3141577498
5190790746
1574822656
8253334329
2748286782
2565598102
7822504525
6954816870
8803787666
0671879963
7424436629
9498454641
4879728270
0006452980
3139059414
5738759843
4712028226
2012618044
2218144695
3821319951
5010732707
3882806161
2675830415
0238183835
9592207081
0377723165
6288349482
6578227970
4226894135
1393000220
0344422984
2678782855
4485040724
5996603483
8863539875
3422599667
0677950225
4376603559
9689997377
8090242671
7522811752
8023128878
9050725757
6144622427
1408732257
8196099246
4981090322
6067669866
9276720957
2458936485
7739125418
6433103921
1867344461
5505978955
7811597081
2759229998
1374125419
5882707514
3794232144
1520512148
2316754224
5048612214
4173561014
9737462027
4241838340
6049867274
3211798941
7700388797
4222341830
1562952635
1287898111
7840963606
3393850546
3133648943
0148694460
5164253288
8947271262
5848156421
2148959323
1262366106
8560658478
9302878006
2390739947
3567973736
5861454339
1808493106
0260377961
5170524159
1881283151
1433831339
5794325195
3165754460
1188235945
2228430077
7565667157
9951440516
8485297376
4077280512
2591882600
0383135849
2364782651
5778605964
1214826718
8809433409
7133117176
3954145692
2733782978
1550457349
1558880784
6831614897
2650945480
2902146515
7609915986
5071441264
5553662390
7233764121
2355798291
6039772890
9995137360
8188921481
7435262432
8946754423
7575121277
2433329816
4832097501
3691700657
6187894120
8629631188
4801441034
4025358801
2517870463
6663807399
1259790348
5841504984
9186162719
1373725265
0617414982
0496750106
7976267600
0821191215
8919372608
7053251523
6049110148
4701979810
1168072810
6006916233
4582419447
1000240919
5755890514
4644078558
3011263183
5268852357
4399693558
1865074719
1296694865
8975967560
4988200857
7130249145
8772884456
1646234331
0903708246
9071809732
2867981178
1450201962
0852265306
4366937253
7901637362
4865101462
6230558463
2777081230
4587905787
5579006788
8197256023
5767465986
7004122292
7234971776
7920090175
8861920564
6186258414
7966557075
2210374178
8916379837
2074549355
2875112345
7554823010
2796782378
9324122048
7747294055
1112313274
7573432194
5807409614
2432609670
7314695423
5003105684
4291120178
1514040670
8216599563
4200727987
3656024161
9759762003
3141577498
5190790746
1574822656
8253334329
2748286782
2565598102
7822504525
6954816870
8803787666
0671879963
7424436629
9498454641
4879728270
0006452980
3139059414
5738759843
4712028226
2012618044
2218144695
3821319951
5010732707
3882806161
2675830415
0238183835
9592207081
0377723165
6288349482
6578227970
4226894135
1393000220
0344422984
2678782855
4485040724
5996603483
8863539875
3422599667
0677950225
4376603559
9689997377
8090242671
7522811752
8023128878
9050725757
6144622427
1408732257
8196099246
4981090322
6067669866
9276720957
2458936485
7739125418
6433103921
1867344461
5505978955
7811597081
2759229998
1374125419
5882707514
3794232144
1520512148
2316754224
5048612214
4173561014
9737462027
4241838340
6049867274
3211798941
7700388797
4222341830
1562952635
1287898111
7840963606
3393850546
3133648943
0148694460
5164253288
8947271262
5848156421
2148959323
1262366106
8560658478
9302878006
2390739947
3567973736
5861454339
1808493106
0260377961
5170524159
1881283151
1433831339
5794325195
3165754460
1188235945
2228430077
7565667157
9951440516
8485297376
4077280512
2591882600
0383135849
2364782651
5778605964
1214826718
8809433409
7133117176
3954145692
2733782978
1550457349
1558880784
6831614897
2650945480
2902146515
7609915986
5071441264
5553662390
7233764121
2355798291
6039772890
9995137360
8188921481
7435262432
8946754423
7575121277
2433329816
4832097501
3691700657
6187894120
8629631188
4801441034
4025358801
2517870463
6663807399
1259790348
5841504984
9186162719
1373725265
0617414982
0496750106
7976267600
0821191215
8919372608
7053251523
6049110148
4701979810
1168072810
6006916233
4582419447
1000240919
5755890514
4644078558
3011263183
5268852357
4399693558
1865074719
1296694865
8975967560
4988200857
7130249145
8772884456
1646234331
0903708246
9071809732
2867981178
1450201962
0852265306
4366937253
7901637362
4865101462
6230558463
2777081230
4587905787
5579006788
8197256023
5767465986
7004122292
7234971776
7920090175
8861920564
6186258414
7966557075
2210374178
8916379837
2074549355
2875112345
7554823010
2796782378
9324122048
7747294055
1112313274
7573432194
5807409614
2432609670
7314695423
5003105684
4291120178
1514040670
8216599563
4200727987
3656024161
9759762003
3141577498
5190790746
1574822656
8253334329
2748286782
2565598102
7822504525
6954816870
8803787666
0671879963
7424436629
9498454641
4879728270
0006452980
3139059414
5738759843
4712028226
2012618044
2218144695
3821319951
5010732707
3882806161
2675830415
0238183835
9592207081
0377723165
6288349482
6578227970
4226894135
1393000220
0344422984
2678782855
4485040724
5996603483
8863539875
3422599667
0677950225
4376603559
9689997377
8090242671
7522811752
8023128878
9050725757
6144622427
1408732257
8196099246
4981090322
6067669866
9276720957
2458936485
7739125418
6433103921
1867344461
5505978955
7811597081
2759229998
1374125419
5882707514
3794232144
1520512148
2316754224
5048612214
4173561014
9737462027
4241838340
6049867274
3211798941
7700388797
4222341830
1562952635
1287898111
7840963606
3393850546
3133648943
0148694460
5164253288
8947271262
5848156421
2148959323
1262366106
8560658478
9302878006
2390739947
3567973736
5861454339
1808493106
0260377961
5170524159
1881283151
1433831339
5794325195
3165754460
1188235945
2228430077
7565667157
9951440516
8485297376
4077280512
2591882600
0383135849
2364782651
5778605964
1214826718
8809433409
7133117176
3954145692
2733782978
1550457349
1558880784
6831614897
2650945480
2902146515
7609915986
5071441264
5553662390
7233764121
2355798291
6039772890
9995137360
8188921481
7435262432
8946754423
7575121277
2433329816
4832097501
3691700657
6187894120
8629631188
4801441034
4025358801
2517870463
6663807399
1259790348
5841504984
9186162719
1373725265
0617414982
0496750106
7976267600
0821191215
8919372608
7053251523
6049110148
4701979810
1168072810
6006916233
4582419447
1000240919
5755890514
4644078558
3011263183
5268852357
4399693558
1865074719
1296694865
8975967560
4988200857
7130249145
8772884456
1646234331
0903708246
9071809732
2867981178
1450201962
0852265306
4366937253
7901637362
4865101462
6230558463
2777081230
4587905787
5579006788
8197256023
5767465986
7004122292
7234971776
7920090175
8861920564
6186258414
7966557075
2210374178
8916379837
2074549355
2875112345
7554823010
2796782378
9324122048
7747294055
1112313274
7573432194
5807409614
2432609670
7314695423
5003105684
4291120178
1514040670
8216599563
4200727987
3656024161
9759762003
3141577498
5190790746
1574822656
8253334329
2748286782
2565598102
7822504525
6954816870
8803787666
0671879963
7424436629
9498454641
4879728270
0006452980
3139059414
5738759843
4712028226
2012618044
2218144695
3821319951
5010732707
3882806161
2675830415
0238183835
9592207081
0377723165
6288349482
6578227970
4226894135
1393000220
0344422984
2678782855
4485040724
5996603483
8863539875
3422599667
0677950225
4376603559
9689997377
8090242671
7522811752
8023128878
9050725757
6144622427
1408732257
8196099246
4981090322
6067669866
9276720957
2458936485
7739125418
6433103921
1867344461
5505978955
7811597081
2759229998
1374125419
5882707514
3794232144
1520512148
2316754224
5048612214
4173561014
9737462027
4241838340
6049867274
3211798941
7700388797
4222341830
1562952635
1287898111
7840963606
3393850546
3133648943
0148694460
5164253288
8947271262
5848156421
2148959323
1262366106
8560658478
9302878006
2390739947
3567973736
5861454339
1808493106
0260377961
5170524159
1881283151
1433831339
5794325195
3165754460
1188235945
2228430077
7565667157
9951440516
8485297376
4077280512
2591882600
0383135849
2364782651
5778605964
1214826718
8809433409
7133117176
3954145692
2733782978
1550457349
1558880784
6831614897
2650945480
2902146515
7609915986
5071441264
5553662390
7233764121
2355798291
6039772890
9995137360
8188921481
7435262432
8946754423
7575121277
2433329816
4832097501
3691700657
6187894120
8629631188
4801441034
4025358801
2517870463
6663807399
1259790348
5841504984
9186162719
1373725265
0617414982
0496750106
7976267600
0821191215
8919372608
7053251523
6049110148
4701979810
1168072810
6006916233
4582419447
1000240919
5755890514
4644078558
3011263183
5268852357
4399693558
1865074719
1296694865
8975967560
4988200857
7130249145
8772884456
1646234331
0903708246
9071809732
2867981178
1450201962
0852265306
4366937253
7901637362
4865101462
6230558463
2777081230
4587905787
5579006788
8197256023
5767465986
7004122292
7234971776
7920090175
8861920564
6186258414
7966557075
2210374178
8916379837
2074549355
2875112345
7554823010
2796782378
9324122048
7747294055
1112313274
7573432194
5807409614
2432609670
7314695423
5003105684
4291120178
1514040670
8216599563
4200727987
3656024161
9759762003
3141577498
5190790746
1574822656
8253334329
2748286782
2565598102
7822504525
6954816870
8803787666
0671879963
7424436629
9498454641
4879728270
0006452980
3139059414
5738759843
4712028226
2012618044
2218144695
3821319951
5010732707
3882806161
2675830415
0238183835
9592207081
0377723165
6288349482
6578227970
4226894135
1393000220
0344422984
2678782855
4485040724
5996603483
8863539875
3422599667
0677950225
4376603559
9689997377
8090242671
7522811752
8023128878
9050725757
6144622427
1408732257
8196099246
4981090322
6067669866
9276720957
2458936485
7739125418
6433103921
1867344461
5505978955
7811597081
2759229998
1374125419
5882707514
3794232144
1520512148
2316754224
5048612214
4173561014
9737462027
4241838340
6049867274
3211798941
7700388797
4222341830
1562952635
1287898111
7840963606
3393850546
3133648943
0148694460
5164253288
8947271262
5848156421
2148959323
1262366106
8560658478
9302878006
2390739947
3567973736
5861454339
1808493106
0260377961
5170524159
1881283151
1433831339
5794325195
3165754460
1188235945
2228430077
7565667157
9951440516
8485297376
4077280512
2591882600
0383135849
2364782651
5778605964
1214826718
8809433409
7133117176
3954145692
2733782978
1550457349
1558880784
6831614897
2650945480
2902146515
7609915986
5071441264
5553662390
7233764121
2355798291
6039772890
9995137360
8188921481
7435262432
8946754423
7575121277
2433329816
4832097501
3691700657
6187894120
8629631188
4801441034
4025358801
2517870463
6663807399
1259790348
5841504984
9186162719
1373725265
0617414982
0496750106
7976267600
0821191215
8919372608
7053251523
6049110148
4701979810
1168072810
6006916233
4582419447
1000240919
5755890514
4644078558
3011263183
5268852357
4399693558
1865074719
1296694865
8975967560
4988200857
7130249145
8772884456
1646234331
0903708246
9071809732
2867981178
1450201962
0852265306
4366937253
7901637362
4865101462
6230558463
2777081230
4587905787
5579006788
8197256023
5767465986
7004122292
7234971776
7920090175
8861920564
6186258414
7966557075
2210374178
8916379837
2074549355
2875112345
7554823010
2796782378
9324122048
7747294055
1112313274
7573432194
5807409614
2432609670
7314695423
5003105684
4291120178
1514040670
8216599563
4200727987
3656024161
9759762003
3141577498
5190790746
1574822656
8253334329
2748286782
2565598102
7822504525
6954816870
8803787666
0671879963
7424436629
9498454641
4879728270
0006452980
3139059414
5738759843
4712028226
2012618044
2218144695
3821319951
5010732707
3882806161
2675830415
0238183835
9592207081
0377723165
6288349482
6578227970
4226894135
1393000220
0344422984
2678782855
4485040724
5996603483
8863539875
3422599667
0677950225
4376603559
9689997377
8090242671
7522811752
8023128878
9050725757
6144622427
1408732257
8196099246
4981090322
6067669866
9276720957
2458936485
7739125418
6433103921
1867344461
5505978955
7811597081
2759229998
1374125419
5882707514
3794232144
1520512148
2316754224
5048612214
4173561014
9737462027
4241838340
6049867274
3211798941
7700388797
4222341830
1562952635
1287898111
7840963606
3393850546
3133648943
0148694460
5164253288
8947271262
5848156421
2148959323
1262366106
8560658478
9302878006
2390739947
3567973736
5861454339
1808493106
0260377961
5170524159
1881283151
1433831339
5794325195
3165754460
1188235945
2228430077
7565667157
9951440516
8485297376
4077280512
2591882600
0383135849
2364782651
5778605964
1214826718
8809433409
7133117176
3954145692
2733782978
1550457349
1558880784
6831614897
2650945480
2902146515
7609915986
5071441264
5553662390
7233764121
2355798291
6039772890
9995137360
8188921481
7435262432
8946754423
7575121277
2433329816
4832097501
3691700657
6187894120
8629631188
4801441034
4025358801
2517870463
6663807399
1259790348
5841504984
9186162719
1373725265
0617414982
0496750106
7976267600
0821191215
8919372608
7053251523
6049110148
4701979810
1168072810
6006916233
4582419447
1000240919
5755890514
4644078558
3011263183
5268852357
4399693558
1865074719
1296694865
8975967560
4988200857
7130249145
8772884456
1646234331
0903708246
9071809732
2867981178
1450201962
0852265306
4366937253
7901637362
4865101462
6230558463
2777081230
4587905787
5579006788
8197256023
5767465986
7004122292
7234971776
7920090175
8861920564
6186258414
7966557075
2210374178
8916379837
2074549355
2875112345
7554823010
2796782378
9324122048
7747294055
1112313274
7573432194
5807409614
2432609670
7314695423
5003105684
4291120178
1514040670
8216599563
4200727987
3656024161
9759762003
3141577498
5190790746
1574822656
8253334329
2748286782
2565598102
7822504525
6954816870
8803787666
0671879963
7424436629
9498454641
4879728270
0006452980
3139059414
5738759843
4712028226
2012618044
2218144695
3821319951
5010732707
3882806161
2675830415
0238183835
9592207081
0377723165
6288349482
6578227970
4226894135
1393000220
0344422984
2678782855
4485040724
5996603483
8863539875
3422599667
0677950225
4376603559
9689997377
8090242671
7522811752
8023128878
9050725757
6144622427
1408732257
8196099246
4981090322
6067669866
9276720957
2458936485
7739125418
6433103921
1867344461
5505978955
7811597081
2759229998
1374125419
5882707514
3794232144
1520512148
2316754224
5048612214
4173561014
9737462027
4241838340
6049867274
3211798941
7700388797
4222341830
1562952635
1287898111
7840963606
3393850546
3133648943
0148694460
5164253288
8947271262
5848156421
2148959323
1262366106
8560658478
9302878006
2390739947
3567973736
5861454339
1808493106
0260377961
5170524159
1881283151
1433831339
5794325195
3165754460
1188235945
2228430077
7565667157
9951440516
8485297376
4077280512
2591882600
0383135849
2364782651
5778605964
1214826718
8809433409
7133117176
3954145692
2733782978
1550457349
1558880784
6831614897
2650945480
2902146515
7609915986
5071441264
5553662390
7233764121
2355798291
6039772890
9995137360
8188921481
7435262432
8946754423
7575121277
2433329816
4832097501
3691700657
6187894120
8629631188
4801441034
4025358801
2517870463
6663807399
1259790348
5841504984
9186162719
1373725265
0617414982
0496750106
7976267600
0821191215
8919372608
7053251523
6049110148
4701979810
1168072810
6006916233
4582419447
1000240919
5755890514
4644078558
3011263183
5268852357
4399693558
1865074719
1296694865
8975967560
4988200857
7130249145
8772884456
1646234331
0903708246
9071809732
2867981178
1450201962
0852265306
4366937253
7901637362
4865101462
6230558463
2777081230
4587905787
5579006788
8197256023
5767465986
7004122292
7234971776
7920090175
8861920564
6186258414
7966557075
2210374178
8916379837
2074549355
2875112345
7554823010
2796782378
9324122048
7747294055
1112313274
7573432194
5807409614
2432609670
7314695423
5003105684
4291120178
1514040670
8216599563
4200727987
3656024161
9759762003
3141577498
5190790746
1574822656
8253334329
2748286782
2565598102
7822504525
6954816870
8803787666
0671879963
7424436629
9498454641
4879728270
0006452980
3139059414
5738759843
4712028226
2012618044
2218144695
3821319951
5010732707
3882806161
2675830415
0238183835
9592207081
0377723165
6288349482
6578227970
4226894135
1393000220
0344422984
2678782855
4485040724
5996603483
8863539875
3422599667
0677950225
4376603559
9689997377
8090242671
7522811752
8023128878
9050725757
6144622427
1408732257
8196099246
4981090322
6067669866
9276720957
2458936485
7739125418
6433103921
1867344461
5505978955
7811597081
2759229998
1374125419
5882707514
3794232144
1520512148
2316754224
5048612214
4173561014
9737462027
4241838340
6049867274
3211798941
7700388797
4222341830
1562952635
1287898111
7840963606
3393850546
3133648943
0148694460
5164253288
8947271262
5848156421
2148959323
1262366106
8560658478
9302878006
2390739947
3567973736
5861454339
1808493106
0260377961
5170524159
1881283151
1433831339
5794325195
3165754460
1188235945
2228430077
7565667157
9951440516
8485297376
4077280512
2591882600
0383135849
2364782651
5778605964
1214826718
8809433409
7133117176
3954145692
2733782978
1550457349
1558880784
6831614897
2650945480
2902146515
7609915986
5071441264
5553662390
7233764121
2355798291
6039772890
9995137360
8188921481
7435262432
8946754423
7575121277
2433329816
4832097501
3691700657
6187894120
8629631188
4801441034
4025358801
2517870463
6663807399
1259790348
5841504984
9186162719
1373725265
0617414982
0496750106
7976267600
0821191215
8919372608
7053251523
6049110148
4701979810
1168072810
6006916233
4582419447
1000240919
5755890514
4644078558
3011263183
5268852357
4399693558
1865074719
1296694865
8975967560
4988200857
7130249145
8772884456
1646234331
0903708246
9071809732
2867981178
1450201962
0852265306
4366937253
7901637362
4865101462
6230558463
2777081230
4587905787
5579006788
8197256023
5767465986
7004122292
7234971776
7920090175
8861920564
6186258414
7966557075
2210374178
8916379837
2074549355
2875112345
7554823010
2796782378
9324122048
7747294055
1112313274
7573432194
5807409614
2432609670
7314695423
5003105684
4291120178
1514040670
8216599563
4200727987
3656024161
9759762003
3141577498
5190790746
1574822656
8253334329
2748286782
2565598102
7822504525
6954816870
8803787666
0671879963
7424436629
9498454641
4879728270